time_stamp	px_state	py_state	v_state	yaw_angle_state	yaw_rate_state	sensor_type	NIS	px_measured	py_measured	px_ground_truth	py_ground_truth	vx_ground_truth	vy_ground_truth	1477010443000000	0.312243	0.58034	0	0	0	lidar	2.29692e-314	0.312243	0.58034	0.6	0.6	5.19994	0
1477010443050000	0.725052	0.530761	6.75791	1.77138e-17	-1.42548e-17	radar	73.4704	0.862916	0.534212	0.859997	0.600045	5.19975	0.000345566
1477010443100000	1.16371	0.489577	6.75609	-0.000666343	-0.00320676	lidar	0.0992311	1.17385	0.481073	1.11998	0.600225	5.19943	0.00103664
1477010443150000	1.30151	0.514427	6.75752	0.00539652	0.0341191	radar	1.97381	0.969149	0.397513	1.37996	0.600629	5.19899	0.00207312
1477010443200000	1.63389	0.53562	6.75613	0.0115151	0.0630285	lidar	0.488758	1.65063	0.62469	1.6399	0.601347	5.19842	0.00345484
1477010443250000	1.84863	0.547352	6.73347	0.0303417	0.127763	radar	0.853729	1.62331	0.499091	1.89982	0.60247	5.19773	0.00518158
1477010443300000	2.17146	0.572075	6.74195	0.0502727	0.190166	lidar	0.369724	2.18882	0.648739	2.1597	0.604086	5.19691	0.00725307
1477010443350000	2.33825	0.619474	6.69555	0.0964686	0.385648	radar	2.56517	1.96701	0.557116	2.41954	0.606284	5.19597	0.00966898
1477010443400000	2.64101	0.654926	6.70991	0.119031	0.399812	lidar	0.0414534	2.65526	0.66598	2.67932	0.609155	5.19491	0.0124289
1477010443450000	2.90826	0.664873	6.70889	0.115676	0.297905	radar	0.145572	2.92034	0.645898	2.93904	0.612786	5.19372	0.0155325
1477010443500000	3.05649	0.671166	6.66051	0.119198	0.254198	lidar	0.409908	3.01222	0.637046	3.19869	0.617267	5.19241	0.0189791
1477010443550000	3.37301	0.587678	6.65657	0.0235917	-0.164412	radar	3.5073	3.56096	0.485311	3.45825	0.622686	5.19097	0.0227684
1477010443600000	3.8127	0.515482	6.71174	-0.0531991	-0.429982	lidar	3.46414	3.89365	0.311793	3.71772	0.629131	5.18942	0.0268996
1477010443650000	4.09773	0.574441	6.73479	-0.0169573	-0.215198	radar	1.38888	4.19786	0.698311	3.97708	0.636689	5.18775	0.0313721
1477010443700000	4.32571	0.571856	6.71972	-0.0253246	-0.206003	lidar	0.0443548	4.30935	0.578564	4.23632	0.645449	5.18595	0.0361852
1477010443750000	4.58405	0.608908	6.72235	-0.00167919	-0.0955759	radar	0.474679	4.61908	0.68951	4.49542	0.655498	5.18405	0.0413382
1477010443800000	4.49657	0.708276	6.59695	0.0625812	0.142825	lidar	5.70105	4.35143	0.899174	4.75437	0.666921	5.18202	0.0468302
1477010443850000	4.81561	0.689155	6.61417	0.0454713	0.0596235	radar	2.38973	5.20902	0.66599	5.01316	0.679804	5.17988	0.0526604
1477010443900000	5.38836	0.691614	6.72894	0.0338953	0.0070703	lidar	2.6552	5.51893	0.648233	5.27175	0.694234	5.17763	0.0588279
1477010443950000	5.59476	0.691071	6.70634	0.0297839	-0.00368533	radar	1.80549	5.22835	0.639362	5.53013	0.710295	5.17526	0.0653316
1477010444000000	5.97578	0.704509	6.74719	0.0305535	-0.00209789	lidar	0.330201	6.022	0.708619	5.78828	0.728071	5.17278	0.0721706
1477010444050000	6.17802	0.624617	6.72439	-0.0220397	-0.163296	radar	3.35576	5.89392	0.373584	6.04618	0.747646	5.1702	0.0793437
1477010444100000	6.37009	0.745068	6.69352	0.0469309	0.0678983	lidar	3.12718	6.34249	0.948833	6.30379	0.769103	5.16751	0.0868499
1477010444150000	6.61883	0.775883	6.68659	0.0618144	0.100964	radar	0.122121	6.62134	0.836138	6.56111	0.792523	5.16471	0.0946879
1477010444200000	6.81064	0.760034	6.66226	0.0499429	0.0519275	lidar	0.291654	6.78214	0.714036	6.81808	0.817988	5.1618	0.102857
1477010444250000	7.08263	0.739849	6.66538	0.032941	-0.00653016	radar	0.990709	7.29121	0.630741	7.07469	0.845578	5.1588	0.111354
1477010444300000	7.20113	0.828528	6.61137	0.080856	0.133093	lidar	1.7919	7.13735	0.957217	7.3309	0.875372	5.15569	0.12018
1477010444350000	7.56718	0.841388	6.64608	0.0796902	0.109019	radar	3.55109	8.08349	0.819605	7.58668	0.907449	5.15249	0.129333
1477010444400000	7.80951	0.805342	6.6409	0.0540359	0.0216415	lidar	0.55685	7.80533	0.719126	7.84199	0.941886	5.14919	0.138811
1477010444450000	8.10109	0.828463	6.64917	0.0585205	0.0300896	radar	1.26352	8.40453	0.884557	8.0968	0.978758	5.14579	0.148612
1477010444500000	8.28248	0.840481	6.6217	0.0609135	0.0326882	lidar	0.180986	8.24796	0.840322	8.35106	1.01814	5.14231	0.158736
1477010444550000	8.54637	0.947274	6.62011	0.110684	0.16769	radar	4.01004	8.45858	1.41118	8.60472	1.06011	5.13873	0.169179
1477010444600000	8.76714	1.00438	6.60614	0.135418	0.212648	lidar	0.198014	8.74615	1.04858	8.85775	1.10473	5.13507	0.179942
1477010444650000	9.15631	1.05649	6.64669	0.147056	0.215463	radar	6.96066	9.8809	1.1419	9.1101	1.15208	5.13132	0.191022
1477010444700000	9.30235	1.06975	6.60935	0.152336	0.200803	lidar	0.380304	9.25579	1.04913	9.36172	1.20223	5.12748	0.202417
1477010444750000	9.64884	1.16616	6.63683	0.184699	0.261167	radar	4.35359	10.1016	1.52474	9.61255	1.25524	5.12357	0.214126
1477010444800000	10.0188	1.32087	6.67436	0.240182	0.374108	lidar	1.45921	10.0484	1.44598	9.86254	1.31118	5.11958	0.226147
1477010444850000	10.2993	1.42295	6.6821	0.275653	0.421285	radar	1.84207	10.5377	1.72555	10.1116	1.37011	5.11551	0.238478
1477010444900000	10.3425	1.45626	6.61577	0.303608	0.439032	lidar	1.26265	10.2492	1.45907	10.3598	1.4321	5.11137	0.251116
1477010444950000	10.6161	1.55223	6.62256	0.330764	0.455107	radar	1.41815	10.9084	1.70343	10.6069	1.49721	5.10717	0.26406
1477010445000000	10.7573	1.5438	6.58311	0.324679	0.379886	lidar	0.917552	10.7313	1.45265	10.853	1.56549	5.10289	0.277309
1477010445050000	11.0715	1.61662	6.60079	0.327662	0.340374	radar	2.39177	11.4783	1.42876	11.0979	1.637	5.09855	0.290859
1477010445100000	11.4906	1.68924	6.64795	0.311191	0.255935	lidar	1.43705	11.587	1.61462	11.3416	1.71179	5.09414	0.304708
1477010445150000	11.6859	1.74009	6.62904	0.317766	0.238407	radar	1.00014	11.4763	1.53917	11.584	1.78992	5.08968	0.318855
1477010445200000	11.8231	1.77478	6.59229	0.324353	0.223875	lidar	0.411544	11.7788	1.74591	11.8251	1.87144	5.08516	0.333298
1477010445250000	12.09	1.88888	6.60009	0.345834	0.251409	radar	0.609281	12.136	2.14937	12.0648	1.95639	5.08058	0.348033
1477010445300000	12.3083	1.88998	6.58191	0.322687	0.161446	lidar	0.919052	12.3226	1.78353	12.3029	2.04482	5.07596	0.363059
1477010445350000	12.5582	1.95923	6.58066	0.323657	0.143339	radar	0.259931	12.5457	1.77728	12.5394	2.13677	5.07128	0.378373
1477010445400000	12.6751	2.08269	6.54978	0.368136	0.235046	lidar	1.32804	12.5924	2.17509	12.7743	2.23227	5.06656	0.393973
1477010445450000	12.9847	2.22799	6.57269	0.391677	0.26745	radar	2.2945	13.2198	2.66441	13.0075	2.33136	5.0618	0.409856
1477010445500000	13.1435	2.35027	6.55326	0.428259	0.323876	lidar	0.541431	13.0875	2.40708	13.2388	2.43409	5.057	0.42602
1477010445550000	13.2781	2.48891	6.52952	0.475364	0.39678	radar	6.03788	12.7087	3.12439	13.4682	2.54047	5.05217	0.442462
1477010445600000	13.7179	2.65781	6.58981	0.472669	0.342989	lidar	1.6962	13.836	2.62479	13.6955	2.65053	5.0473	0.45918
1477010445650000	13.924	2.76832	6.58149	0.490714	0.344499	radar	0.130347	13.8302	2.73893	13.9208	2.7643	5.0424	0.476172
1477010445700000	14.196	2.92449	6.59581	0.511405	0.353408	lidar	0.073387	14.2105	2.94205	14.1439	2.88179	5.03748	0.493433
1477010445750000	14.4477	3.05174	6.60121	0.522489	0.337465	radar	0.278966	14.5568	2.87021	14.3646	3.00303	5.03253	0.510962
1477010445800000	14.5051	3.02006	6.53787	0.512189	0.26942	lidar	1.80437	14.4616	2.90734	14.583	3.12802	5.02756	0.528756
1477010445850000	14.7532	3.20798	6.55012	0.544134	0.316281	radar	3.05247	14.6754	3.96041	14.7989	3.25679	5.02257	0.546813
1477010445900000	15.0287	3.43212	6.57476	0.581322	0.368442	lidar	0.529691	15.0261	3.5067	15.0122	3.38932	5.01757	0.565128
1477010445950000	15.2695	3.61369	6.58423	0.608651	0.394273	radar	1.84212	15.3685	4.14761	15.2228	3.52563	5.01256	0.583699
1477010446000000	15.5166	3.8044	6.59735	0.634301	0.40899	lidar	0.0824993	15.5236	3.82936	15.4306	3.66572	5.00754	0.602525
1477010446050000	15.711	3.92562	6.58884	0.644838	0.383285	radar	1.29673	15.7234	3.4105	15.6356	3.80957	5.00251	0.6216
1477010446100000	15.9409	4.04962	6.58834	0.64563	0.339786	lidar	0.277328	15.9774	4.00094	15.8375	3.95718	4.99749	0.640923
1477010446150000	16.1581	4.2054	6.5892	0.659347	0.33499	radar	0.417439	16.3376	4.21632	16.0363	4.10854	4.99246	0.66049
1477010446200000	16.3568	4.40398	6.59287	0.690582	0.369311	lidar	0.177742	16.3313	4.44499	16.2319	4.26363	4.98744	0.680299
1477010446250000	16.5795	4.57498	6.59757	0.704057	0.359413	radar	0.351705	16.7586	4.48231	16.4242	4.42242	4.98243	0.700345
1477010446300000	16.6688	4.6806	6.56363	0.730215	0.376543	lidar	0.52784	16.6039	4.67344	16.613	4.5849	4.97743	0.720627
1477010446350000	16.8496	4.84929	6.55879	0.751137	0.385563	radar	0.498242	16.9236	5.10119	16.7983	4.75103	4.97244	0.74114
1477010446400000	17.043	5.12399	6.57522	0.799439	0.454064	lidar	0.792997	16.9955	5.21099	16.9799	4.92077	4.96747	0.761882
1477010446450000	17.2082	5.26783	6.56454	0.812409	0.429526	radar	1.48199	17.3421	4.64623	17.1578	5.09409	4.96252	0.782849
1477010446500000	17.3316	5.43105	6.5487	0.841973	0.447068	lidar	0.177212	17.2894	5.43542	17.3319	5.27094	4.9576	0.804038
1477010446550000	17.4824	5.56653	6.53417	0.852603	0.417427	radar	2.49851	17.6463	4.74597	17.5019	5.45128	4.9527	0.825446
1477010446600000	17.699	5.70253	6.53147	0.840802	0.34202	lidar	0.995225	17.7853	5.62476	17.6679	5.63506	4.94783	0.847069
1477010446650000	17.8613	5.88722	6.52692	0.858277	0.346696	radar	0.287229	17.9216	6.07151	17.8297	5.82221	4.943	0.868904
1477010446700000	18.0915	6.14988	6.55008	0.87381	0.344503	lidar	0.223472	18.1263	6.16985	17.9872	6.01269	4.9382	0.890947
1477010446750000	18.2449	6.35651	6.54819	0.896951	0.36057	radar	0.656656	18.1245	6.79027	18.1403	6.20641	4.93344	0.913195
1477010446800000	18.327	6.59351	6.5409	0.949293	0.437921	lidar	1.23172	18.2164	6.66138	18.2888	6.40332	4.92872	0.935644
1477010446850000	18.4635	6.79915	6.53659	0.974159	0.446931	radar	0.181485	18.4022	7.02231	18.4328	6.60333	4.92404	0.958291
1477010446900000	18.5409	6.84791	6.49181	0.978186	0.40155	lidar	0.997395	18.5422	6.76013	18.572	6.80638	4.91942	0.981133
1477010446950000	18.7003	7.07851	6.49687	0.996267	0.400361	radar	0.367952	18.8089	7.24388	18.7064	7.01237	4.91484	1.00416
1477010447000000	18.9636	7.26753	6.50897	0.965783	0.288075	lidar	2.87438	19.1441	7.18344	18.8359	7.22122	4.91032	1.02738
1477010447050000	19.0256	7.41334	6.48218	0.99293	0.311696	radar	2.6944	18.5479	7.4012	18.9604	7.43283	4.90586	1.05079
1477010447100000	19.1283	7.75921	6.50435	1.05085	0.408255	lidar	1.92878	19.0138	7.8688	19.0798	7.64712	4.90145	1.07437
1477010447150000	19.2426	7.95653	6.49635	1.06933	0.403004	radar	0.254053	19.3089	7.67375	19.1939	7.86397	4.89711	1.09813
1477010447200000	19.256	8.11943	6.46767	1.11504	0.456963	lidar	1.26126	19.132	8.12845	19.3028	8.08329	4.89283	1.12206
1477010447250000	19.3252	8.31822	6.45522	1.1455	0.468115	radar	1.42775	19.0239	8.17194	19.4062	8.30497	4.88862	1.14615
1477010447300000	19.3683	8.38168	6.40907	1.16005	0.443828	lidar	0.89235	19.347	8.30741	19.5042	8.5289	4.88449	1.17042
1477010447350000	19.4721	8.59447	6.40398	1.1772	0.43454	radar	0.362452	19.6843	8.35902	19.5967	8.75494	4.88042	1.19484
1477010447400000	19.7486	8.91425	6.44289	1.14377	0.318331	lidar	4.88725	20.0039	8.8906	19.6835	8.983	4.87643	1.21942
1477010447450000	19.8264	9.12215	6.43304	1.16569	0.333957	radar	0.507255	19.6061	9.48659	19.7645	9.21294	4.87251	1.24415
1477010447500000	20.0296	9.4496	6.46465	1.15776	0.284563	lidar	1.35943	20.1574	9.45949	19.8398	9.44463	4.86868	1.26904
1477010447550000	20.0665	9.61298	6.44066	1.18469	0.309665	radar	1.79158	19.6163	9.76606	19.9093	9.67795	4.86493	1.29407
1477010447600000	20.1653	9.88973	6.44984	1.20511	0.320479	lidar	0.0494476	20.1573	9.90876	19.9728	9.91275	4.86127	1.31923
1477010447650000	20.2064	10.1439	6.44729	1.24517	0.369317	radar	7.2629	19.1911	11.5493	20.0303	10.1489	4.85769	1.34454
1477010447700000	20.245	10.434	6.45444	1.28884	0.416735	lidar	0.546824	20.166	10.4687	20.0817	10.3863	4.85421	1.36998
1477010447750000	20.25	10.6095	6.43166	1.32639	0.446661	radar	2.64943	19.6774	10.803	20.1271	10.6247	4.85081	1.39555
1477010447800000	20.3409	10.9682	6.45991	1.34847	0.449602	lidar	0.370039	20.3711	11.0109	20.1663	10.864	4.84751	1.42124
1477010447850000	20.3504	11.2226	6.45632	1.38949	0.490566	radar	4.97952	19.4335	12.3402	20.1993	11.1041	4.84431	1.44706
1477010447900000	20.361	11.3839	6.43208	1.41928	0.497372	lidar	0.356017	20.3164	11.3483	20.2261	11.3449	4.8412	1.47299
1477010447950000	20.3128	11.5438	6.40328	1.47204	0.552534	radar	7.39098	19.2063	12.2418	20.2466	11.5861	4.8382	1.49904
1477010448000000	20.4347	11.9012	6.43294	1.46561	0.487996	lidar	2.49022	20.6141	11.9421	20.2608	11.8275	4.83529	1.52519
1477010448050000	20.418	12.1237	6.42377	1.50336	0.506266	radar	2.72994	19.966	11.9688	20.2687	12.0692	4.83249	1.55145
1477010448100000	20.3943	12.4632	6.44277	1.54664	0.546495	lidar	0.493022	20.3263	12.4966	20.2701	12.3108	4.8298	1.57781
1477010448150000	20.3622	12.6213	6.41691	1.58606	0.570307	radar	1.79948	20.0192	12.4822	20.2653	12.5522	4.82722	1.60427
1477010448200000	20.4034	12.8827	6.41896	1.59541	0.531239	lidar	0.609748	20.498	12.8924	20.254	12.7933	4.82474	1.63081
1477010448250000	20.4078	13.0695	6.40215	1.61666	0.518106	radar	1.84043	20.9151	12.2555	20.2363	13.0339	4.82237	1.65745
1477010448300000	20.3327	13.2257	6.37803	1.6665	0.562863	lidar	1.6153	20.1943	13.1688	20.2122	13.2738	4.82012	1.68417
1477010448350000	20.2783	13.4482	6.37055	1.70534	0.582466	radar	1.33578	19.858	13.5236	20.1818	13.5129	4.81798	1.71097
1477010448400000	20.2537	13.8238	6.40026	1.72509	0.570459	lidar	0.819423	20.3245	13.8896	20.1449	13.7509	4.81595	1.73784
1477010448450000	20.2124	14.0056	6.3829	1.75665	0.574585	radar	0.798226	20.3387	13.5307	20.1017	13.9878	4.81405	1.76479
1477010448500000	20.1391	14.3152	6.39791	1.79065	0.589558	lidar	0.110222	20.1216	14.337	20.0521	14.2233	4.81225	1.7918
1477010448550000	20.0559	14.5201	6.38855	1.83207	0.609148	radar	1.79893	19.6717	14.4038	19.9962	14.4573	4.81058	1.81888
1477010448600000	19.911	14.7978	6.40038	1.88839	0.663386	lidar	1.17811	19.781	14.773	19.9339	14.6897	4.80903	1.84601
1477010448650000	19.8206	15.0156	6.3979	1.92086	0.642764	radar	3.3344	20.1149	14.0165	19.8655	14.9202	4.80759	1.8732
1477010448700000	19.8488	15.1742	6.37021	1.91533	0.567412	lidar	2.16308	20.0208	15.2053	19.7908	15.1486	4.80628	1.90044
1477010448750000	19.8146	15.2662	6.32779	1.9501	0.602634	radar	1.29413	20.0157	15.3443	19.7099	15.3749	4.80509	1.92772
1477010448800000	19.7845	15.4982	6.32012	1.95343	0.558847	lidar	1.25312	19.9131	15.554	19.6229	15.5989	4.80403	1.95504
1477010448850000	19.702	15.6711	6.30545	1.98422	0.558649	radar	1.06916	19.9388	15.0864	19.5298	15.8203	4.80309	1.98241
1477010448900000	19.5272	15.9906	6.33287	2.02562	0.590071	lidar	0.379182	19.4748	16.0098	19.4307	16.039	4.80227	2.0098
1477010448950000	19.3856	16.2252	6.33981	2.05943	0.58545	radar	1.24402	19.1556	16.0022	19.3257	16.255	4.80158	2.03722
1477010449000000	19.2904	16.3506	6.31822	2.09403	0.580603	lidar	0.67232	19.238	16.2719	19.2148	16.4679	4.80101	2.06467
1477010449050000	19.1824	16.5316	6.30747	2.12419	0.58393	radar	0.216053	19.4007	16.2962	19.0981	16.6777	4.80057	2.09213
1477010449100000	19.0041	16.8068	6.3253	2.1587	0.597506	lidar	0.136897	19.0029	16.8387	18.9757	16.8841	4.80025	2.11961
1477010449150000	18.9105	16.9098	6.28978	2.2348	0.711636	radar	4.94169	18.8373	17.7112	18.8477	17.0872	4.80006	2.1471
1477010449200000	18.6103	17.2829	6.34305	2.28531	0.750846	lidar	1.21321	18.6148	17.3832	18.7142	17.2866	4.8	2.1746
1477010449250000	18.5958	17.453	6.31979	2.21125	0.473657	radar	7.87636	18.8177	17.0316	18.5752	17.4822	4.80006	2.2021
1477010449300000	18.3226	17.7	6.35875	2.25397	0.447959	lidar	3.99013	18.1023	17.5529	18.4309	17.674	4.80025	2.2296
1477010449350000	18.1317	17.9362	6.37263	2.26419	0.386109	radar	1.29136	18.2749	17.4877	18.2814	17.8617	4.80057	2.25709
1477010449400000	18.1012	18.0167	6.32476	2.27201	0.376079	lidar	1.0557	18.2094	18.0461	18.1268	18.0453	4.80101	2.28457
1477010449450000	18.0352	18.0562	6.28389	2.33962	0.445662	radar	2.55542	18.3021	17.498	17.9671	18.2246	4.80158	2.31204
1477010449500000	17.8842	18.2141	6.27484	2.358	0.442752	lidar	0.0307114	17.9017	18.2183	17.8026	18.3994	4.80227	2.33948
1477010449550000	17.7959	18.3519	6.24436	2.34133	0.434109	radar	5.76212	18.8558	18.1364	17.6334	18.5697	4.80309	2.3669
1477010449600000	17.4559	18.6883	6.30401	2.36104	0.427686	lidar	0.868768	17.3845	18.7039	17.4595	18.7353	4.80403	2.3943
1477010449650000	17.317	18.7613	6.28029	2.54183	0.454375	radar	2.28073	17.7945	18.0801	17.2811	18.8962	4.80509	2.42166
1477010449700000	17.1485	18.8718	6.26592	2.55183	0.456546	lidar	0.0745665	17.1762	18.8863	17.0983	19.0521	4.80628	2.44898
1477010449750000	16.9673	19.0501	6.25921	2.39718	0.477482	radar	3.3382	16.9398	19.7311	16.9113	19.203	4.80759	2.47627
1477010449800000	16.7559	19.201	6.28472	2.83209	0.486785	lidar	2.78933	16.5734	19.052	16.7202	19.3488	4.80903	2.5035
1477010449850000	16.551	19.3863	6.29873	2.35726	0.479587	radar	3.30703	16.1674	20.2201	16.5251	19.4894	4.81058	2.53069
1477010449900000	16.3114	19.6184	6.35903	2.35648	0.479076	lidar	0.372325	16.2338	19.617	16.3262	19.6246	4.81225	2.55783
1477010449950000	16.037	19.6631	6.36857	2.61651	0.475847	radar	10.6914	16.4366	18.2742	16.1237	19.7545	4.81405	2.5849
1477010450000000	15.8029	19.8135	6.26799	2.62673	0.487275	lidar	1.01556	15.9243	19.8703	15.9176	19.8789	4.81595	2.61191
1477010450050000	15.577	19.988	6.1272	2.59427	0.305558	radar	3.99189	16.2328	19.2166	15.7082	19.9978	4.81798	2.63886
1477010450100000	15.3458	20.1415	6.05637	2.60454	0.320062	lidar	0.532685	15.4332	20.1836	15.4956	20.111	4.82012	2.66574
1477010450150000	15.0776	20.3171	6.10494	2.61932	0.35269	radar	4.47563	14.3677	21.3406	15.2799	20.2185	4.82237	2.69253
1477010450200000	14.9331	20.4209	5.80381	2.63151	0.378723	lidar	4.62848	15.2016	20.4385	15.0613	20.3203	4.82474	2.71925
1477010450250000	14.6677	20.5282	5.78148	2.68202	0.472572	radar	2.77152	14.7476	19.9571	14.84	20.4162	4.82722	2.74589
1477010450300000	14.4901	20.6182	5.58872	2.70397	0.483456	lidar	2.04955	14.6665	20.6088	14.6161	20.5063	4.8298	2.77244
1477010450350000	14.223	20.7263	5.60562	2.74988	0.552258	radar	0.773562	13.841	21.0031	14.3897	20.5904	4.83249	2.79889
1477010450400000	14.0108	20.7708	5.4618	2.78884	0.566444	lidar	2.04552	14.0521	20.5924	14.1611	20.6686	4.83529	2.82525
1477010450450000	13.7525	20.8566	5.46123	2.82565	0.590275	radar	0.0985924	13.8232	20.859	13.9304	20.7408	4.8382	2.85151
1477010450500000	13.503	20.8951	5.40486	2.86769	0.604592	lidar	1.6373	13.4687	20.7253	13.6977	20.807	4.8412	2.87767
1477010450550000	13.2426	20.9357	5.38964	2.92418	0.664265	radar	1.88285	13.8263	20.4261	13.4632	20.8671	4.84431	2.90371
1477010450600000	13.0264	20.9468	5.28479	2.96738	0.679784	lidar	1.29676	13.1072	20.8294	13.2271	20.9211	4.84751	2.92964
1477010450650000	12.7843	21.0134	5.26446	2.97996	0.639456	radar	2.29335	13.2669	21.1579	12.9895	20.969	4.85081	2.95546
1477010450700000	12.6163	21.0287	5.11426	3.01315	0.647814	lidar	3.9886	12.8729	21.0592	12.7506	21.0108	4.85421	2.98115
1477010450750000	12.3537	21.077	5.13329	3.03427	0.627373	radar	2.21452	11.5171	21.6724	12.5106	21.0465	4.85769	3.00672
1477010450800000	12.1255	21.0954	5.09154	3.06596	0.629418	lidar	0.393164	12.2062	21.11	12.2695	21.0761	4.86127	3.03216
1477010450850000	11.8825	21.1195	5.0781	3.09202	0.621611	radar	1.0557	12.3859	21.1066	12.0276	21.0996	4.86493	3.05747
1477010450900000	11.6583	21.073	5.01308	3.14256	0.645083	lidar	2.48513	11.6814	20.8651	11.785	21.117	4.86868	3.08264
1477010450950000	11.4088	21.0628	5.00295	3.17282	0.636676	radar	1.20083	11.5265	20.6748	11.5418	21.1283	4.87252	3.10766
1477010451000000	11.2081	21.0426	4.93109	3.20696	0.641532	lidar	1.42464	11.363	21.0689	11.2982	21.1335	4.87643	3.13255
1477010451050000	10.9527	21.0063	4.93435	3.24205	0.639392	radar	4.01556	10.5558	20.5567	11.0544	21.1327	4.88042	3.15728
1477010451100000	10.7549	20.9575	4.86351	3.28199	0.650274	lidar	1.16666	10.8903	20.927	10.8105	21.1259	4.88449	3.18186
1477010451150000	10.505	20.9594	4.84856	3.28169	0.586929	radar	6.23796	9.30535	21.3896	10.5666	21.1131	4.88862	3.20629
1477010451200000	10.2311	20.9816	4.90602	3.28697	0.558953	lidar	3.04175	10.189	21.209	10.3229	21.0943	4.89283	3.23055
1477010451250000	9.99199	20.9647	4.89697	3.30255	0.539362	radar	1.19645	9.97958	21.2932	10.0795	21.0697	4.89711	3.25465
1477010451300000	9.80636	20.9196	4.81908	3.33312	0.545469	lidar	2.22418	9.99634	20.9797	9.83658	21.0391	4.90145	3.27858
1477010451350000	9.57178	20.9125	4.78597	3.32786	0.484207	radar	2.84519	9.38223	21.111	9.59422	21.0028	4.90586	3.30233
1477010451400000	9.38488	20.8564	4.71898	3.3586	0.493014	lidar	1.39391	9.53921	20.8762	9.35258	20.9607	4.91032	3.32592
1477010451450000	9.16434	20.8154	4.70539	3.37864	0.487699	radar	1.59078	9.63392	20.9724	9.11177	20.9128	4.91484	3.34932
1477010451500000	8.87727	20.7821	4.78794	3.38866	0.470127	lidar	1.91762	8.70331	20.8221	8.87192	20.8594	4.91942	3.37254
1477010451550000	8.6638	20.7028	4.76596	3.42193	0.482955	radar	4.44976	9.84634	20.009	8.63315	20.8003	4.92404	3.39557
1477010451600000	8.39255	20.6179	4.82813	3.44823	0.483865	lidar	2.50289	8.22277	20.4839	8.39557	20.7357	4.92872	3.41841
1477010451650000	8.16564	20.5376	4.82984	3.47642	0.491316	radar	0.080106	8.29647	20.4978	8.1593	20.6657	4.93344	3.44106
1477010451700000	7.9262	20.4574	4.84714	3.49884	0.488575	lidar	0.0961274	7.88599	20.45	7.92445	20.5903	4.9382	3.46351
1477010451750000	7.7119	20.3707	4.84788	3.53181	0.509919	radar	3.53676	8.29081	20.6565	7.69111	20.5096	4.943	3.48576
1477010451800000	7.40675	20.3136	4.95479	3.53164	0.47918	lidar	3.51263	7.18029	20.392	7.45939	20.4236	4.94783	3.5078
1477010451850000	7.17675	20.2166	4.9533	3.55333	0.47345	radar	0.206251	7.09214	20.1196	7.22939	20.3326	4.9527	3.52963
1477010451900000	6.91339	20.1351	5.00028	3.56364	0.457673	lidar	0.750874	6.81542	20.1859	7.00119	20.2364	4.9576	3.55126
1477010451950000	6.6895	20.0432	4.98603	3.57924	0.445343	radar	0.487632	6.89359	20.1536	6.7749	20.1352	4.96252	3.57267
1477010452000000	6.44161	19.9534	5.01263	3.59088	0.433101	lidar	0.386837	6.38914	20.0136	6.55059	20.0292	4.96747	3.59385
1477010452050000	6.22589	19.8594	4.99633	3.60829	0.429698	radar	2.87293	6.67637	20.2142	6.32834	19.9183	4.97244	3.61482
1477010452100000	5.96296	19.7676	5.04437	3.61409	0.411492	lidar	0.886971	5.86119	19.8306	6.10823	19.8027	4.97743	3.63556
1477010452150000	5.73629	19.621	5.08222	3.65419	0.447487	radar	2.03337	5.28178	19.5036	5.89034	19.6824	4.98243	3.65608
1477010452200000	5.55747	19.4993	5.02479	3.68259	0.455267	lidar	1.31029	5.69089	19.5755	5.67472	19.5577	4.98744	3.67636
1477010452250000	5.35725	19.3496	5.02024	3.71664	0.471422	radar	1.73569	5.9506	18.9859	5.46145	19.4284	4.99246	3.6964
1477010452300000	5.14242	19.2494	5.01067	3.72559	0.455526	lidar	1.96219	5.17021	19.4397	5.25059	19.2949	4.99749	3.71621
1477010452350000	4.95014	19.1376	4.95735	3.73473	0.430013	radar	4.58679	5.87397	19.301	5.04219	19.157	5.00251	3.73578
1477010452400000	4.78579	18.9872	4.91092	3.76853	0.444786	lidar	0.685776	4.89149	18.982	4.8363	19.015	5.00754	3.7551
1477010452450000	4.57804	18.8369	4.94186	3.79465	0.456493	radar	1.52914	3.98679	19.0452	4.63297	18.8689	5.01256	3.77418
1477010452500000	4.39921	18.7058	4.91037	3.81417	0.453552	lidar	1.11093	4.4685	18.834	4.43224	18.7188	5.01757	3.793
1477010452550000	4.21636	18.5638	4.87309	3.8279	0.43378	radar	1.30438	4.69245	18.4634	4.23416	18.5648	5.02257	3.81158
1477010452600000	4.09004	18.4085	4.79772	3.86509	0.453212	lidar	2.02391	4.26269	18.481	4.03876	18.4071	5.02756	3.82989
1477010452650000	3.90744	18.2355	4.86469	3.90584	0.496938	radar	7.27891	3.42433	18.8357	3.84606	18.2457	5.03253	3.84795
1477010452700000	3.65259	18.0953	4.9425	3.89787	0.45739	lidar	2.6867	3.45919	18.167	3.65611	18.0807	5.03748	3.86574
1477010452750000	3.48898	17.9446	4.88439	3.91023	0.434127	radar	3.33599	4.3011	17.9267	3.46891	17.9122	5.0424	3.88327
1477010452800000	3.26273	17.7783	4.94235	3.9146	0.412791	lidar	1.19258	3.12525	17.7493	3.28449	17.7402	5.0473	3.90053
1477010452850000	3.08411	17.5943	4.98429	3.94635	0.438901	radar	2.44624	2.65664	17.888	3.10287	17.565	5.05217	3.91752
1477010452900000	2.90401	17.477	4.94708	3.94579	0.414106	lidar	6.10556	2.9449	17.8154	2.92405	17.3866	5.057	3.93424
1477010452950000	2.76262	17.2603	4.98446	3.99851	0.468511	radar	3.22	3.26647	17.0897	2.74805	17.2051	5.0618	3.95068
1477010453000000	2.58725	17.0748	4.99701	4.01594	0.461371	lidar	0.0773303	2.55407	17.0853	2.57486	17.0205	5.06656	3.96685
1477010453050000	2.42276	16.9086	4.93993	4.0184	0.422027	radar	2.04113	2.55039	16.8884	2.4045	16.833	5.07128	3.98273
1477010453100000	2.25805	16.7364	4.93355	4.03111	0.41256	lidar	0.502794	2.25371	16.8334	2.23695	16.6427	5.07596	3.99833
1477010453150000	2.08346	16.5411	4.9321	4.03844	0.386603	radar	4.98289	1.57735	16.0489	2.07221	16.4497	5.08058	4.01365
1477010453200000	1.92898	16.3108	4.9663	4.06694	0.396366	lidar	2.28113	1.88972	16.1054	1.91027	16.2539	5.08516	4.02867
1477010453250000	1.77145	16.1348	4.92899	4.0701	0.367376	radar	1.03222	1.74363	16.2687	1.75112	16.0557	5.08968	4.04341
1477010453300000	1.56649	15.9666	4.96152	4.05927	0.332989	lidar	1.72885	1.44745	16.0853	1.59474	15.8549	5.09414	4.05785
1477010453350000	1.4402	15.7354	5.00546	4.10272	0.378312	radar	2.08116	1.6097	15.5526	1.44111	15.6517	5.09855	4.072
1477010453400000	1.26793	15.5177	5.04665	4.11332	0.367905	lidar	0.829217	1.18395	15.4284	1.29021	15.4463	5.10289	4.08584
1477010453450000	1.11132	15.3249	5.03638	4.11891	0.349197	radar	0.961635	0.828993	15.528	1.14201	15.2386	5.10717	4.0994
1477010453500000	0.900258	15.1071	5.11322	4.11165	0.319135	lidar	2.44705	0.722706	15.0075	0.996486	15.0288	5.11138	4.11264
1477010453550000	0.752721	14.9264	5.05862	4.11043	0.288134	radar	2.4353	1.03147	15.2134	0.853604	14.8169	5.11551	4.12559
1477010453600000	0.649762	14.7115	5.02768	4.14061	0.306829	lidar	0.494825	0.737301	14.7047	0.71333	14.603	5.11958	4.13823
1477010453650000	0.538097	14.4702	5.0643	4.17871	0.344024	radar	1.78913	0.722177	14.2445	0.575628	14.3872	5.12357	4.15056
1477010453700000	0.364561	14.2484	5.11019	4.17894	0.323608	lidar	0.877827	0.253435	14.2028	0.440459	14.1696	5.12748	4.16258
1477010453750000	0.244441	13.9965	5.18394	4.21718	0.36678	radar	3.15123	-0.0328025	13.9604	0.307779	13.9502	5.13132	4.17429
1477010453800000	0.228167	13.7474	5.11191	4.28029	0.420065	lidar	3.6732	0.459172	13.6856	0.177545	13.7292	5.13507	4.18568
1477010453850000	0.125707	13.5048	5.14926	4.30941	0.437483	radar	1.01092	0.0524417	13.6377	0.0497099	13.5065	5.13873	4.19676
1477010453900000	-0.0407206	13.2745	5.197	4.30246	0.40236	lidar	1.45668	-0.190344	13.2856	-0.0757753	13.2823	5.14231	4.20752
1477010453950000	-0.158789	13.0561	5.15792	4.30594	0.374094	radar	1.08706	-0.275042	13.1456	-0.198962	13.0566	5.14579	4.21797
1477010454000000	-0.164837	12.8294	5.07454	4.36129	0.419731	lidar	3.35765	0.0462308	12.9301	-0.319903	12.8295	5.14919	4.22809
1477010454050000	-0.283497	12.6041	5.04125	4.35871	0.38072	radar	3.53878	-0.684792	12.3563	-0.438654	12.6011	5.15249	4.23789
1477010454100000	-0.402598	12.3684	5.06387	4.36304	0.362506	lidar	0.355375	-0.476482	12.3633	-0.555273	12.3714	5.15569	4.24737
1477010454150000	-0.526946	12.1598	5.03203	4.35459	0.324038	radar	3.80695	-0.972122	12.5207	-0.669817	12.1404	5.1588	4.25652
1477010454200000	-0.605029	11.9401	5.00805	4.3717	0.325704	lidar	0.532579	-0.582624	12.0386	-0.78235	11.9083	5.1618	4.26535
1477010454250000	-0.7314	11.7122	5.01133	4.36414	0.292212	radar	2.79462	-1.26757	11.6495	-0.892931	11.6751	5.16471	4.27385
1477010454300000	-0.926487	11.4689	5.09121	4.33101	0.23327	lidar	4.13885	-1.17212	11.3988	-1.00163	11.4409	5.16751	4.28202
1477010454350000	-1.03286	11.2434	5.04509	4.32557	0.199123	radar	2.86388	-0.891441	10.959	-1.1085	11.2057	5.1702	4.28985
1477010454400000	-1.20897	11.0164	5.09103	4.29882	0.154898	lidar	2.21255	-1.39289	11.0424	-1.21362	10.9695	5.17278	4.29736
1477010454450000	-1.28788	10.7703	5.12281	4.32682	0.190984	radar	1.34288	-1.29894	10.9012	-1.31706	10.7324	5.17526	4.30453
1477010454500000	-1.41673	10.5168	5.16446	4.32431	0.176398	lidar	0.892896	-1.49687	10.4198	-1.41889	10.4945	5.17763	4.31137
1477010454550000	-1.50314	10.2544	5.20975	4.34747	0.202487	radar	1.46564	-1.59293	10.0212	-1.51917	10.2559	5.17988	4.31787
1477010454600000	-1.60172	10.044	5.17575	4.35014	0.194214	lidar	1.96375	-1.61875	10.2374	-1.61797	10.0165	5.18202	4.32404
1477010454650000	-1.69112	9.81407	5.14961	4.3558	0.185509	radar	0.512654	-1.59701	9.96554	-1.71539	9.77637	5.18405	4.32987
1477010454700000	-1.766	9.59351	5.11546	4.36818	0.189525	lidar	0.816382	-1.73381	9.71347	-1.81147	9.53564	5.18596	4.33537
1477010454750000	-1.87499	9.34181	5.16627	4.37453	0.193669	radar	2.55047	-2.27191	9.37316	-1.90631	9.29431	5.18775	4.34052
1477010454800000	-1.9559	9.05002	5.221	4.39181	0.201884	lidar	4.09111	-1.93833	8.77028	-1.99998	9.05243	5.18942	4.34533
1477010454850000	-2.04288	8.82692	5.17295	4.39024	0.17963	radar	1.81985	-1.96565	9.13274	-2.09256	8.81003	5.19097	4.3498
1477010454900000	-2.13889	8.57501	5.19109	4.39356	0.172727	lidar	0.150473	-2.1768	8.5411	-2.18412	8.56717	5.19241	4.35393
1477010454950000	-2.26697	8.32129	5.22983	4.382	0.147394	radar	2.83409	-2.65863	8.19477	-2.27474	8.32388	5.19372	4.35772
1477010455000000	-2.31402	8.08749	5.18846	4.40342	0.164414	lidar	0.792253	-2.21875	8.15339	-2.3645	8.0802	5.19491	4.36117
1477010455050000	-2.37826	7.87405	5.12961	4.41106	0.160613	radar	5.50163	-2.273	8.52315	-2.45348	7.83617	5.19597	4.36427
1477010455100000	-2.49144	7.62292	5.16289	4.40371	0.142191	lidar	0.694106	-2.59674	7.60288	-2.54177	7.59183	5.19691	4.36703
1477010455150000	-2.65535	7.38852	5.17016	4.3608	0.064994	radar	5.6325	-3.08256	7.38874	-2.62944	7.34723	5.19773	4.36945
1477010455200000	-2.75921	7.13266	5.19708	4.35911	0.058981	lidar	0.345938	-2.79865	7.064	-2.71658	7.10238	5.19842	4.37152
1477010455250000	-2.82049	6.89767	5.18047	4.3788	0.0873833	radar	1.66728	-2.79412	7.20818	-2.80326	6.85734	5.19899	4.37325
1477010455300000	-2.86314	6.68898	5.10573	4.39624	0.102754	lidar	2.54268	-2.74651	6.86867	-2.88957	6.61214	5.19943	4.37463
1477010455350000	-2.92926	6.4663	5.04171	4.39249	0.0748342	radar	4.07855	-2.57673	6.36755	-2.97559	6.36681	5.19975	4.37567
1477010455400000	-2.984	6.22962	5.02102	4.40574	0.0857949	lidar	0.385366	-2.90217	6.22989	-3.0614	6.12139	5.19994	4.37636
1477010455450000	-3.10126	5.98246	5.06631	4.39574	0.0722043	radar	3.35771	-3.50172	6.10796	-3.14709	5.87592	5.2	4.3767
1477010455500000	-3.18349	5.70881	5.11144	4.4012	0.0740406	lidar	1.66649	-3.17781	5.53101	-3.23274	5.63044	5.19994	4.3767
1477010455550000	-3.29313	5.46187	5.1166	4.38069	0.0285841	radar	2.23364	-3.19736	5.19093	-3.31843	5.38497	5.19975	4.37636
1477010455600000	-3.38953	5.20087	5.15169	4.37882	0.0247454	lidar	0.587952	-3.43031	5.10507	-3.40424	5.13955	5.19943	4.37567
1477010455650000	-3.45671	4.95489	5.15084	4.39232	0.0465737	radar	0.247171	-3.4281	4.94644	-3.49026	4.89422	5.19899	4.37463
1477010455700000	-3.57067	4.6776	5.22026	4.38532	0.0363562	lidar	2.16686	-3.69435	4.52196	-3.57657	4.64902	5.19842	4.37325
1477010455750000	-3.68024	4.42516	5.23056	4.36524	-0.0073909	radar	2.21029	-3.50501	4.17643	-3.66325	4.40398	5.19773	4.37152
1477010455800000	-3.8129	4.15481	5.29857	4.35142	-0.0214993	lidar	2.59961	-4.00238	4.04684	-3.75039	4.15913	5.19691	4.36945
1477010455850000	-3.89312	3.91397	5.28613	4.36261	0.00459684	radar	1.19857	-4.06447	4.10977	-3.83806	3.91452	5.19597	4.36703
1477010455900000	-3.96569	3.68083	5.25068	4.36734	0.00875431	lidar	0.661259	-3.88053	3.75177	-3.92635	3.67019	5.19491	4.36427
1477010455950000	-4.06782	3.47445	5.1964	4.34869	-0.028134	radar	4.14283	-4.23729	3.88878	-4.01533	3.42616	5.19372	4.36117
1477010456000000	-4.15897	3.22985	5.19809	4.34801	-0.0273349	lidar	0.00867908	-4.15119	3.21968	-4.10509	3.18248	5.19241	4.35772
1477010456050000	-4.27456	2.97581	5.22946	4.33279	-0.0540742	radar	0.758352	-4.27467	2.88187	-4.19571	2.93919	5.19097	4.35393
1477010456100000	-4.36415	2.70251	5.26823	4.33678	-0.0458795	lidar	1.3201	-4.32451	2.55034	-4.28727	2.69633	5.18942	4.3498
1477010456150000	-4.45082	2.45286	5.26781	4.34236	-0.0309867	radar	0.196978	-4.38481	2.39989	-4.37985	2.45393	5.18775	4.34533
1477010456200000	-4.55517	2.18858	5.30353	4.34096	-0.0294288	lidar	0.664026	-4.61223	2.09192	-4.47352	2.21205	5.18596	4.34052
1477010456250000	-4.66528	1.95705	5.29258	4.31559	-0.0845342	radar	4.0104	-4.29257	1.92854	-4.56836	1.97072	5.18405	4.33537
1477010456300000	-4.7805	1.68445	5.34677	4.31257	-0.0806895	lidar	1.5843	-4.86829	1.53442	-4.66444	1.72998	5.18202	4.32987
1477010456350000	-4.90433	1.43569	5.36997	4.2953	-0.107512	radar	0.540908	-4.98165	1.43611	-4.76186	1.48989	5.17988	4.32404
1477010456400000	-4.96422	1.20077	5.31551	4.30219	-0.097379	lidar	4.92154	-4.66779	1.28643	-4.86067	1.25049	5.17763	4.31787
1477010456450000	-5.06001	0.982735	5.26512	4.29939	-0.0910264	radar	1.11875	-4.98594	1.10894	-4.96094	1.01182	5.17526	4.31137
1477010456500000	-5.12143	0.749562	5.21953	4.30588	-0.0816712	lidar	3.96765	-4.85498	0.825662	-5.06277	0.77393	5.17278	4.30453
1477010456550000	-5.21481	0.456649	5.30023	4.31142	-0.0746381	radar	5.23886	-4.84736	0.18101	-5.16621	0.536876	5.1702	4.29736
1477010456600000	-5.28992	0.215756	5.27522	4.31522	-0.0676404	lidar	1.53135	-5.1231	0.257311	-5.27133	0.300706	5.16751	4.28985
1477010456650000	-5.39942	-0.0190559	5.25507	4.31811	-0.0441134	radar	5.85427	-5.99809	-0.290765	-5.3782	0.0654719	5.16471	4.28202
1477010456700000	-5.47062	-0.258176	5.22982	4.32379	-0.036495	lidar	1.62209	-5.29972	-0.212982	-5.4869	-0.168772	5.1618	4.27385
1477010456750000	-5.59142	-0.442071	5.15969	4.29908	-0.0716704	radar	3.87966	-5.64447	-0.144522	-5.59748	-0.401971	5.1588	4.26535
1477010456800000	-5.72836	-0.627578	5.10455	4.27357	-0.100209	lidar	2.75691	-5.85359	-0.445801	-5.71001	-0.634069	5.15569	4.25652
1477010456850000	-5.84338	-0.854788	5.12952	4.25204	-0.141753	radar	5.4101	-5.30947	-0.724468	-5.82456	-0.865006	5.15249	4.24737
1477010456900000	-5.93848	-1.12259	5.1745	4.26064	-0.120694	lidar	1.41097	-5.87835	-1.26863	-5.94118	-1.09472	5.14919	4.23789
1477010456950000	-6.02689	-1.39006	5.21225	4.27084	-0.100259	radar	2.79161	-5.68069	-1.52871	-6.05993	-1.32316	5.14579	4.22809
1477010457000000	-6.16553	-1.59744	5.18786	4.25016	-0.120475	lidar	1.09113	-6.27264	-1.50938	-6.18087	-1.55025	5.14231	4.21797
1477010457050000	-6.30956	-1.83239	5.25252	4.21909	-0.176341	radar	4.10521	-6.11355	-1.75966	-6.30406	-1.77593	5.13873	4.20752
1477010457100000	-6.41538	-2.08177	5.26785	4.22153	-0.161774	lidar	0.497665	-6.34007	-2.13685	-6.42954	-2.00014	5.13507	4.19676
1477010457150000	-6.56704	-2.28457	5.23738	4.19868	-0.178464	radar	3.06208	-6.99344	-2.17445	-6.55738	-2.22281	5.13132	4.18568
1477010457200000	-6.71661	-2.49377	5.22395	4.1782	-0.193418	lidar	0.467485	-6.79288	-2.4458	-6.68761	-2.44386	5.12748	4.17429
1477010457250000	-6.87282	-2.70578	5.22721	4.15601	-0.211984	radar	1.1105	-7.14408	-2.67584	-6.82029	-2.66323	5.12357	4.16258
1477010457300000	-6.96457	-2.97478	5.26358	4.17469	-0.173738	lidar	2.51943	-6.8003	-3.10086	-6.95546	-2.88084	5.11958	4.15056
1477010457350000	-7.09345	-3.19882	5.24417	4.17139	-0.161858	radar	0.266253	-7.13937	-3.22028	-7.09316	-3.09663	5.11551	4.13823
1477010457400000	-7.21822	-3.39447	5.20049	4.15854	-0.169496	lidar	1.38247	-7.12118	-3.26434	-7.23344	-3.31051	5.11137	4.12559
1477010457450000	-7.36417	-3.64189	5.23866	4.1557	-0.160281	radar	4.46284	-7.77186	-4.08999	-7.37632	-3.5224	5.10717	4.11264
1477010457500000	-7.52389	-3.78113	5.14601	4.11632	-0.202941	lidar	4.8287	-7.49009	-3.49081	-7.52184	-3.73223	5.10289	4.0994
1477010457550000	-7.66885	-3.98973	5.15082	4.10344	-0.209245	radar	0.464416	-7.52393	-3.88213	-7.67004	-3.93992	5.09855	4.08584
1477010457600000	-7.82281	-4.21816	5.17688	4.09652	-0.20397	lidar	0.509065	-7.88049	-4.29783	-7.82094	-4.14539	5.09414	4.072
1477010457650000	-7.97391	-4.43619	5.18347	4.08902	-0.199387	radar	0.39491	-8.08524	-4.57834	-7.97457	-4.34854	5.08968	4.05785
1477010457700000	-8.13473	-4.67429	5.22348	4.08489	-0.190899	lidar	1.23578	-8.22492	-4.79812	-8.13095	-4.5493	5.08516	4.04341
1477010457750000	-8.27379	-4.87868	5.15944	4.08639	-0.165885	radar	2.52799	-8.453	-4.95621	-8.29011	-4.74759	5.08058	4.02867
1477010457800000	-8.4059	-5.0982	5.15969	4.08829	-0.152946	lidar	0.288004	-8.33552	-5.1059	-8.45204	-4.94331	5.07596	4.01365
1477010457850000	-8.55232	-5.26679	5.0739	4.07562	-0.152118	radar	3.97902	-8.55062	-4.79248	-8.61678	-5.13637	5.07128	3.99833
1477010457900000	-8.74329	-5.46484	5.09472	4.05281	-0.170944	lidar	1.72037	-8.91477	-5.51752	-8.78433	-5.32669	5.06656	3.98273
1477010457950000	-8.90217	-5.66224	5.08154	4.04409	-0.168995	radar	0.338226	-9.04115	-5.69364	-8.95469	-5.51417	5.0618	3.96685
1477010458000000	-9.05943	-5.84871	5.0675	4.03208	-0.173734	lidar	0.148644	-9.03391	-5.80267	-9.12788	-5.69872	5.057	3.95068
1477010458050000	-9.19807	-6.00706	4.97554	4.02304	-0.169027	radar	6.28379	-8.86897	-5.41973	-9.30388	-5.88026	5.05217	3.93424
1477010458100000	-9.37808	-6.10971	4.89375	3.97889	-0.21535	lidar	4.91167	-9.30811	-5.82368	-9.4827	-6.05868	5.0473	3.91752
1477010458150000	-9.55343	-6.29228	4.90132	3.96522	-0.218499	radar	0.900415	-9.80646	-6.41174	-9.66432	-6.23389	5.0424	3.90053
1477010458200000	-9.69298	-6.50123	4.91263	3.97384	-0.193755	lidar	0.515366	-9.62547	-6.55958	-9.84874	-6.4058	5.03748	3.88327
1477010458250000	-9.91549	-6.66018	4.96413	3.93443	-0.234974	radar	6.97451	-10.6688	-6.35543	-10.0359	-6.57431	5.03253	3.86574
1477010458300000	-10.119	-6.82349	4.97392	3.90875	-0.252226	lidar	0.62917	-10.2246	-6.83402	-10.2259	-6.73933	5.02756	3.84795
1477010458350000	-10.304	-6.985	4.98498	3.88989	-0.261815	radar	1.03076	-10.2205	-6.71044	-10.4186	-6.90075	5.02257	3.82989
1477010458400000	-10.5332	-7.16413	5.03363	3.86528	-0.275264	lidar	3.56794	-10.7616	-7.29159	-10.614	-7.05849	5.01757	3.81158
1477010458450000	-10.7393	-7.30533	5.035	3.83688	-0.294587	radar	1.89103	-10.8944	-6.83335	-10.8121	-7.21245	5.01256	3.793
1477010458500000	-10.9851	-7.46576	5.08084	3.80554	-0.314362	lidar	3.52067	-11.2219	-7.56979	-11.0128	-7.36252	5.00754	3.77418
1477010458550000	-11.1744	-7.60538	5.03963	3.78834	-0.316012	radar	1.25216	-10.986	-7.3707	-11.2161	-7.50861	5.00251	3.7551
1477010458600000	-11.3236	-7.76137	4.99625	3.79143	-0.293433	lidar	3.1832	-11.0934	-7.6776	-11.422	-7.65064	4.99749	3.73578
1477010458650000	-11.5197	-7.88781	4.96382	3.76929	-0.30291	radar	1.8104	-11.4213	-7.46085	-11.6304	-7.78849	4.99246	3.71621
1477010458700000	-11.7004	-7.99268	4.911	3.74561	-0.314619	lidar	3.09884	-11.5269	-7.8215	-11.8413	-7.92208	4.98744	3.6964
1477010458750000	-11.8947	-8.10516	4.83795	3.72261	-0.323707	radar	1.86254	-11.9422	-7.88317	-12.0546	-8.05131	4.98243	3.67636
1477010458800000	-12.1102	-8.19572	4.81877	3.68686	-0.348294	lidar	0.712358	-12.09	-8.08828	-12.2702	-8.17609	4.97743	3.65608
1477010458850000	-12.3362	-8.32341	4.89426	3.66702	-0.349902	radar	2.6671	-12.4462	-8.02117	-12.4881	-8.29633	4.97244	3.63556
1477010458900000	-12.5401	-8.40427	4.85641	3.63585	-0.367571	lidar	1.83436	-12.4231	-8.2599	-12.7082	-8.41193	4.96747	3.61482
1477010458950000	-12.7471	-8.48944	4.79198	3.6064	-0.383433	radar	1.72567	-12.7461	-8.19449	-12.9304	-8.5228	4.96252	3.59385
1477010459000000	-13.0241	-8.57827	4.84884	3.56371	-0.411019	lidar	4.06173	-13.2911	-8.64594	-13.1547	-8.62886	4.9576	3.57267
1477010459050000	-13.2726	-8.67807	4.90674	3.53943	-0.412779	radar	2.76214	-13.7929	-8.47158	-13.381	-8.73002	4.9527	3.55126
1477010459100000	-13.4942	-8.725	4.8742	3.50055	-0.435926	lidar	1.85571	-13.384	-8.57583	-13.6092	-8.82619	4.94783	3.52963
1477010459150000	-13.7122	-8.76399	4.79272	3.45765	-0.467771	radar	3.7175	-13.6376	-8.26343	-13.8392	-8.91729	4.943	3.5078
1477010459200000	-13.9372	-8.87651	4.80947	3.45298	-0.444486	lidar	0.955417	-13.9959	-8.99264	-14.0709	-9.00324	4.9382	3.48576
1477010459250000	-14.1877	-8.96824	4.8958	3.44142	-0.42375	radar	2.94869	-14.4737	-8.79552	-14.3043	-9.08395	4.93344	3.46351
1477010459300000	-14.4098	-9.0816	4.89982	3.4423	-0.396826	lidar	0.708543	-14.4273	-9.1875	-14.5391	-9.15936	4.92872	3.44106
1477010459350000	-14.6392	-9.15221	4.88188	3.42228	-0.39884	radar	0.26923	-14.5757	-9.32634	-14.7754	-9.22939	4.92404	3.41841
1477010459400000	-14.9247	-9.1491	4.91964	3.36179	-0.447102	lidar	1.95763	-15.062	-9.04396	-15.013	-9.29397	4.91942	3.39557
1477010459450000	-15.1827	-9.22262	4.95409	3.34727	-0.436013	radar	4.55223	-15.6189	-9.69365	-15.2517	-9.35302	4.91484	3.37254
1477010459500000	-15.4456	-9.33989	5.00031	3.35366	-0.400895	lidar	5.40947	-15.6682	-9.56749	-15.4916	-9.40649	4.91032	3.34932
1477010459550000	-15.6893	-9.36824	4.95364	3.31768	-0.427971	radar	2.05408	-15.9381	-9.35751	-15.7324	-9.45431	4.90586	3.32592
1477010459600000	-15.9458	-9.45428	4.98042	3.31514	-0.404641	lidar	2.16645	-16.0862	-9.59819	-15.9741	-9.49642	4.90145	3.30233
1477010459650000	-16.1977	-9.46249	4.95958	3.27531	-0.433186	radar	2.29273	-16.6033	-8.85459	-16.2164	-9.53277	4.89711	3.27858
1477010459700000	-16.4494	-9.45655	4.96113	3.23627	-0.45404	lidar	0.493456	-16.4229	-9.37029	-16.4594	-9.5633	4.89283	3.25465
1477010459750000	-16.6687	-9.4548	4.90389	3.20288	-0.472671	radar	5.16678	-16.011	-9.33486	-16.7027	-9.58797	4.88862	3.23055
1477010459800000	-16.9513	-9.44058	4.9515	3.16298	-0.490962	lidar	1.45572	-17.1132	-9.43043	-16.9464	-9.60673	4.88449	3.20629
1477010459850000	-17.2029	-9.50109	4.97971	3.16974	-0.447047	radar	7.90823	-16.9255	-10.8571	-17.1903	-9.61954	4.88042	3.18186
1477010459900000	-17.4627	-9.52	4.99506	3.15315	-0.439844	lidar	0.51052	-17.5448	-9.57485	-17.4342	-9.62636	4.87643	3.15728
1477010459950000	-17.7205	-9.50864	4.98964	3.12115	-0.456944	radar	1.69585	-18.1371	-9.39146	-17.6781	-9.62717	4.87252	3.13255
1477010460000000	-17.9752	-9.47643	4.99835	3.08691	-0.470241	lidar	0.183923	-17.9724	-9.42299	-17.9216	-9.62194	4.86868	3.10766
1477010460050000	-18.2197	-9.43754	4.97521	3.04812	-0.495669	radar	0.701127	-18.3083	-9.18778	-18.1648	-9.61064	4.86493	3.08264
1477010460100000	-18.4223	-9.48425	4.90696	3.05852	-0.455815	lidar	2.34647	-18.2763	-9.60997	-18.4074	-9.59325	4.86127	3.05747
1477010460150000	-18.6587	-9.47172	4.91114	3.04542	-0.438484	radar	1.6942	-18.2443	-9.58547	-18.6493	-9.56977	4.85769	3.03216
1477010460200000	-18.9069	-9.46379	4.91384	3.03169	-0.428775	lidar	0.270937	-18.9545	-9.51544	-18.8904	-9.54017	4.85421	3.00672
1477010460250000	-19.1372	-9.42567	4.90954	3.01014	-0.424519	radar	3.95064	-18.6983	-9.02886	-19.1305	-9.50446	4.85081	2.98115
1477010460300000	-19.3828	-9.30579	4.9333	2.9506	-0.469072	lidar	2.9962	-19.2983	-9.09865	-19.3694	-9.46265	4.84751	2.95546
1477010460350000	-19.6166	-9.22884	4.91274	2.90842	-0.499957	radar	1.12668	-19.7037	-8.79906	-19.6069	-9.41472	4.84431	2.92964
1477010460400000	-19.8679	-9.10567	4.95019	2.85531	-0.531939	lidar	1.29258	-19.8731	-8.96417	-19.8431	-9.36071	4.8412	2.90371
1477010460450000	-20.1054	-9.00405	4.96444	2.81705	-0.543899	radar	4.93733	-20.3815	-7.67549	-20.0775	-9.30061	4.8382	2.87767
1477010460500000	-20.2804	-9.1327	4.80259	2.8797	-0.444442	lidar	14.8666	-20.1607	-9.59663	-20.3102	-9.23446	4.83529	2.85151
1477010460550000	-20.5193	-9.09079	4.81139	2.87087	-0.424691	radar	1.54838	-20.4587	-9.7448	-20.5409	-9.16227	4.83249	2.82525
1477010460600000	-20.7404	-8.99524	4.81165	2.83667	-0.439673	lidar	0.711596	-20.6596	-8.91527	-20.7695	-9.08408	4.8298	2.79889
1477010460650000	-20.9823	-8.91401	4.82656	2.81036	-0.4475	radar	2.43776	-21.5568	-8.5005	-20.9959	-8.99994	4.82722	2.77244
1477010460700000	-21.1787	-8.84584	4.78085	2.79151	-0.444393	lidar	1.34633	-21.0195	-8.85082	-21.2198	-8.90987	4.82474	2.74589
1477010460750000	-21.4118	-8.75754	4.78688	2.76464	-0.45473	radar	1.9088	-21.8628	-8.64129	-21.4412	-8.81393	4.82237	2.71925
1477010460800000	-21.6052	-8.73266	4.7152	2.76765	-0.426589	lidar	1.86082	-21.5029	-8.87191	-21.6597	-8.71217	4.82012	2.69253
1477010460850000	-21.7969	-8.58786	4.67747	2.70376	-0.498149	radar	6.59767	-21.9514	-7.41274	-21.8754	-8.60465	4.81798	2.66574
1477010460900000	-21.9999	-8.51209	4.65283	2.68916	-0.486819	lidar	0.247105	-21.9793	-8.57089	-22.088	-8.49143	4.81595	2.63886
1477010460950000	-22.2095	-8.40449	4.66927	2.66986	-0.472214	radar	1.96071	-22.1914	-7.70392	-22.2975	-8.37258	4.81404	2.61191
1477010461000000	-22.44	-8.30751	4.69129	2.65393	-0.463013	lidar	1.18862	-22.5838	-8.35296	-22.5035	-8.24817	4.81225	2.5849
1477010461050000	-22.6315	-8.1902	4.66909	2.62228	-0.479413	radar	0.935219	-22.3177	-8.57758	-22.7061	-8.11829	4.81058	2.55783
1477010461100000	-22.867	-7.95168	4.79661	2.55391	-0.526842	lidar	5.77266	-22.9861	-7.6724	-22.9049	-7.98301	4.80903	2.53069
1477010461150000	-23.0577	-7.80114	4.77913	2.50562	-0.572481	radar	3.5372	-23.2693	-8.32031	-23.1	-7.84243	4.80759	2.5035
1477010461200000	-23.2848	-7.62529	4.8472	2.47075	-0.577633	lidar	2.21294	-23.4777	-7.56583	-23.2911	-7.69663	4.80628	2.47627
1477010461250000	-23.4848	-7.48652	4.86402	2.46229	-0.536681	radar	1.75455	-23.473	-7.02103	-23.4781	-7.54572	4.80509	2.44898
1477010461300000	-23.6511	-7.34207	4.83156	2.43573	-0.537368	lidar	0.66588	-23.5408	-7.36069	-23.6609	-7.3898	4.80403	2.42166
1477010461350000	-23.842	-7.18259	4.84752	2.41495	-0.523862	radar	0.91672	-24.0505	-6.56969	-23.8393	-7.22897	4.80309	2.3943
1477010461400000	-24.0042	-7.08801	4.76568	2.40966	-0.503487	lidar	2.11267	-23.9384	-7.26171	-24.0132	-7.06336	4.80227	2.3669
1477010461450000	-24.1717	-6.90568	4.77219	2.37094	-0.525022	radar	1.96511	-24.3577	-5.94086	-24.1825	-6.89307	4.80158	2.33948
1477010461500000	-24.332	-6.65515	4.84411	2.31505	-0.555406	lidar	3.2288	-24.2574	-6.4352	-24.347	-6.71823	4.80101	2.31204
1477010461550000	-24.4993	-6.47855	4.83987	2.28228	-0.572229	radar	3.48323	-24.788	-7.18367	-24.5066	-6.53895	4.80057	2.28457
1477010461600000	-24.5987	-6.3366	4.73914	2.25451	-0.574361	lidar	5.33586	-24.3008	-6.43799	-24.6612	-6.35538	4.80025	2.25709
1477010461650000	-24.7395	-6.14728	4.73734	2.22337	-0.576816	radar	0.308652	-24.6108	-6.00878	-24.8107	-6.16764	4.80006	2.2296
1477010461700000	-24.9215	-5.94434	4.78998	2.20101	-0.568152	lidar	2.69292	-25.146	-5.91902	-24.955	-5.97587	4.8	2.2021
1477010461750000	-25.0523	-5.73974	4.79531	2.17043	-0.566658	radar	1.85631	-24.8975	-5.02285	-25.094	-5.7802	4.80006	2.1746
1477010461800000	-25.1852	-5.5674	4.76433	2.14992	-0.559182	lidar	0.355531	-25.1941	-5.64372	-25.2276	-5.58079	4.80025	2.1471
1477010461850000	-25.3386	-5.3821	4.77413	2.14413	-0.518632	radar	1.32569	-25.5328	-5.4399	-25.3556	-5.37777	4.80057	2.11961
1477010461900000	-25.4822	-5.15895	4.81338	2.11738	-0.518338	lidar	0.614542	-25.5712	-5.10241	-25.4779	-5.1713	4.80101	2.09213
1477010461950000	-25.614	-4.98122	4.79233	2.11449	-0.474479	radar	6.36996	-25.0178	-6.55904	-25.5946	-4.96152	4.80158	2.06467
1477010462000000	-25.7285	-4.80769	4.74643	2.09687	-0.469158	lidar	0.572628	-25.6952	-4.89995	-25.7055	-4.7486	4.80227	2.03722
1477010462050000	-25.8493	-4.60206	4.75093	2.0788	-0.457188	radar	0.213606	-25.8162	-4.40681	-25.8105	-4.53268	4.80309	2.0098
1477010462100000	-25.9612	-4.36037	4.79159	2.04789	-0.464903	lidar	0.532835	-25.9516	-4.26659	-25.9096	-4.31392	4.80403	1.98241
1477010462150000	-26.0701	-4.13952	4.79185	2.00351	-0.518822	radar	11.1163	-26.8953	-4.43966	-26.0027	-4.0925	4.80509	1.95504
1477010462200000	-26.1608	-3.85785	4.86851	1.9617	-0.534162	lidar	2.04266	-26.1198	-3.67723	-26.0897	-3.86856	4.80628	1.92772
1477010462250000	-26.2346	-3.62075	4.86803	1.90992	-0.589038	radar	3.53171	-26.5652	-3.85723	-26.1706	-3.64227	4.80759	1.90044
1477010462300000	-26.2632	-3.35383	4.88606	1.85787	-0.612646	lidar	4.39487	-25.9974	-3.24722	-26.2453	-3.4138	4.80903	1.8732
1477010462350000	-26.3128	-3.10975	4.88892	1.81204	-0.642113	radar	0.488705	-26.2976	-3.01078	-26.3138	-3.18332	4.81058	1.84601
1477010462400000	-26.337	-2.87349	4.87014	1.77035	-0.652852	lidar	1.4003	-26.1741	-2.87885	-26.376	-2.95098	4.81225	1.81888
1477010462450000	-26.3954	-2.64686	4.85886	1.74844	-0.635266	radar	1.42855	-26.4681	-3.44967	-26.4319	-2.71697	4.81404	1.7918
1477010462500000	-26.472	-2.48962	4.76117	1.74045	-0.613911	lidar	5.8163	-26.674	-2.73852	-26.4815	-2.48143	4.81595	1.76479
1477010462550000	-26.5275	-2.25448	4.76801	1.72437	-0.585143	radar	1.01574	-26.657	-1.72382	-26.5247	-2.24456	4.81798	1.73784
1477010462600000	-26.5775	-2.05679	4.72039	1.70527	-0.576168	lidar	1.2443	-26.6691	-2.17333	-26.5616	-2.0065	4.82012	1.71097
1477010462650000	-26.6086	-1.82021	4.72331	1.68616	-0.551342	radar	2.00029	-26.3248	-1.32261	-26.5921	-1.76744	4.82237	1.68417
1477010462700000	-26.6065	-1.57225	4.73367	1.64821	-0.561965	lidar	1.12002	-26.4671	-1.53207	-26.6161	-1.52753	4.82474	1.65745
1477010462750000	-26.6035	-1.34155	4.72302	1.60575	-0.591106	radar	1.68103	-26.4998	-2.19525	-26.6338	-1.28695	4.82722	1.63081
1477010462800000	-26.6069	-1.11474	4.7094	1.57635	-0.591364	lidar	0.0490316	-26.5998	-1.14277	-26.6451	-1.04586	4.8298	1.60427
1477010462850000	-26.6363	-0.889389	4.70052	1.5616	-0.571472	radar	5.1675	-27.2008	-1.67678	-26.65	-0.804425	4.83249	1.57781
1477010462900000	-26.6473	-0.640088	4.72481	1.53834	-0.56511	lidar	0.527601	-26.7355	-0.59539	-26.6485	-0.562812	4.83529	1.55145
1477010462950000	-26.6346	-0.398639	4.73707	1.50003	-0.590377	radar	2.24485	-26.9891	0.0351491	-26.6406	-0.321181	4.8382	1.52519
1477010463000000	-26.5891	-0.107985	4.81476	1.4599	-0.599234	lidar	2.61346	-26.4553	0.0602653	-26.6264	-0.0796947	4.8412	1.49904
1477010463050000	-26.5697	0.130441	4.81729	1.43065	-0.603793	radar	2.74521	-26.9537	0.136944	-26.6059	0.161489	4.84431	1.47299
1477010463100000	-26.5462	0.41944	4.89315	1.40548	-0.596173	lidar	1.73161	-26.6201	0.57588	-26.5792	0.402213	4.84751	1.44706
1477010463150000	-26.5341	0.657319	4.88241	1.39722	-0.557449	radar	1.78847	-26.8241	0.381508	-26.5462	0.642323	4.85081	1.42124
1477010463200000	-26.5267	0.937206	4.94037	1.38404	-0.540347	lidar	3.06637	-26.7293	1.06082	-26.5069	0.881666	4.85421	1.39555
1477010463250000	-26.489	1.195	4.95282	1.37768	-0.491686	radar	7.13484	-25.9562	2.60409	-26.4616	1.12009	4.85769	1.36998
1477010463300000	-26.4322	1.4336	4.94797	1.35069	-0.494317	lidar	0.0674318	-26.3986	1.42212	-26.4101	1.35745	4.86127	1.34454
1477010463350000	-26.3934	1.65358	4.91074	1.33872	-0.469793	radar	8.31741	-26.5072	-0.563929	-26.3526	1.59361	4.86493	1.31923
1477010463400000	-26.3385	1.86732	4.87447	1.31541	-0.470458	lidar	0.348436	-26.3594	1.79315	-26.2891	1.82841	4.86868	1.29407
1477010463450000	-26.2703	2.09867	4.87228	1.28691	-0.481431	radar	0.239245	-26.3475	1.82827	-26.2197	2.06173	4.87252	1.26904
1477010463500000	-26.2079	2.29512	4.81757	1.26333	-0.482078	lidar	0.814857	-26.2502	2.18481	-26.1444	2.29342	4.87643	1.24415
1477010463550000	-26.1453	2.52353	4.8072	1.25271	-0.45308	radar	0.775958	-26.069	2.27896	-26.0633	2.52336	4.88042	1.21942
1477010463600000	-26.0668	2.76474	4.82749	1.23096	-0.451712	lidar	0.105928	-26.0641	2.80701	-25.9765	2.75141	4.88449	1.19484
1477010463650000	-25.9716	2.9875	4.83736	1.18902	-0.496536	radar	2.90902	-26.3234	3.02388	-25.884	2.97746	4.88862	1.17042
1477010463700000	-25.8706	3.26277	4.91451	1.16665	-0.492386	lidar	1.53479	-25.8345	3.42005	-25.786	3.20139	4.89283	1.14615
1477010463750000	-25.7877	3.49218	4.91677	1.1472	-0.488644	radar	2.13925	-26.1824	3.73376	-25.6826	3.42306	4.89711	1.12206
1477010463800000	-25.6818	3.69521	4.8897	1.11964	-0.492517	lidar	0.225045	-25.6666	3.63509	-25.5737	3.64238	4.90145	1.09813
1477010463850000	-25.565	3.90346	4.88059	1.08867	-0.503457	radar	1.13453	-25.5773	3.13316	-25.4596	3.85924	4.90586	1.07437
1477010463900000	-25.4975	4.08646	4.81568	1.07528	-0.492534	lidar	3.81309	-25.7492	3.99967	-25.3402	4.07353	4.91032	1.05079
1477010463950000	-25.3742	4.28922	4.80956	1.04609	-0.499734	radar	0.611539	-25.3516	3.75691	-25.2157	4.28514	4.91484	1.02738
1477010464000000	-25.2148	4.50567	4.84097	1.01061	-0.510098	lidar	2.00746	-25.0214	4.52803	-25.0862	4.49399	4.91942	1.00416
1477010464050000	-25.0643	4.70258	4.8312	0.986691	-0.493621	radar	8.95002	-24.2719	4.30917	-24.9518	4.69998	4.92404	0.981133
1477010464100000	-24.9459	4.89702	4.81473	0.966589	-0.489176	lidar	0.441322	-25.0363	4.88499	-24.8126	4.90303	4.92872	0.958291
1477010464150000	-24.7898	5.08823	4.81635	0.936723	-0.493181	radar	2.30846	-24.3609	4.95947	-24.6686	5.10304	4.93344	0.935644
1477010464200000	-24.6221	5.30006	4.85614	0.908738	-0.495681	lidar	0.908556	-24.5041	5.35293	-24.5201	5.29995	4.9382	0.913195
1477010464250000	-24.4502	5.47797	4.86784	0.865141	-0.532059	radar	0.934048	-24.4379	5.24592	-24.367	5.49367	4.943	0.890947
1477010464300000	-24.2633	5.65035	4.87188	0.828015	-0.543182	lidar	1.22633	-24.1159	5.61152	-24.2095	5.68415	4.94783	0.868904
1477010464350000	-24.0975	5.81229	4.86158	0.791762	-0.563206	radar	3.20077	-24.5638	4.75836	-24.0477	5.8713	4.9527	0.847069
1477010464400000	-23.9235	5.97288	4.84996	0.76093	-0.566431	lidar	0.0537751	-23.9153	5.94377	-23.8818	6.05508	4.9576	0.825446
1477010464450000	-23.7796	6.15998	4.81076	0.770297	-0.489737	radar	4.75949	-23.5491	6.44495	-23.7117	6.23542	4.96252	0.804038
1477010464500000	-23.6121	6.31588	4.79396	0.745298	-0.490834	lidar	0.103247	-23.6471	6.29102	-23.5377	6.41227	4.96747	0.782849
1477010464550000	-23.4629	6.49125	4.77162	0.742341	-0.452462	radar	1.83694	-23.7544	6.53746	-23.3598	6.58559	4.97244	0.761882
1477010464600000	-23.2397	6.70952	4.87865	0.723762	-0.444908	lidar	4.2458	-23.0099	6.86182	-23.1781	6.75533	4.97743	0.74114
1477010464650000	-23.0442	6.85208	4.86079	0.69837	-0.441164	radar	5.55057	-22.7862	5.74144	-22.9928	6.92146	4.98243	0.720627
1477010464700000	-22.8311	7.02362	4.90279	0.67475	-0.441739	lidar	1.0233	-22.6991	7.063	-22.804	7.08393	4.98744	0.700345
1477010464750000	-22.6192	7.15841	4.91017	0.638465	-0.464308	radar	1.52905	-22.418	6.76159	-22.6117	7.24273	4.99246	0.680299
1477010464800000	-22.4341	7.30423	4.89973	0.619125	-0.460408	lidar	0.295893	-22.5083	7.31524	-22.4161	7.39781	4.99749	0.66049
1477010464850000	-22.2053	7.42925	4.94082	0.5695	-0.513472	radar	2.56611	-22.0543	7.85452	-22.2173	7.54917	5.00251	0.640923
1477010464900000	-22.0241	7.59171	4.94651	0.560499	-0.495355	lidar	2.12664	-22.1947	7.69478	-22.0154	7.69679	5.00754	0.6216
1477010464950000	-21.8402	7.76219	4.93433	0.568282	-0.438771	radar	5.78362	-21.6178	9.0351	-21.8105	7.84064	5.01256	0.602525
1477010465000000	-21.6326	7.90502	4.94516	0.550738	-0.433717	lidar	0.0841145	-21.6473	7.94	-21.6026	7.98072	5.01757	0.583699
1477010465050000	-21.4417	8.0405	4.92244	0.540955	-0.413703	radar	1.64132	-21.8637	7.78661	-21.392	8.11703	5.02257	0.565128
1477010465100000	-21.2149	8.07892	4.85488	0.488192	-0.450115	lidar	4.47941	-21.0852	7.8323	-21.1787	8.24957	5.02756	0.546813
1477010465150000	-21.0232	8.23512	4.82984	0.503977	-0.378926	radar	6.36967	-20.5503	9.28616	-20.9628	8.37833	5.03253	0.528756
1477010465200000	-20.8447	8.3868	4.82769	0.50458	-0.357551	lidar	3.09628	-21.0519	8.50983	-20.7445	8.50333	5.03748	0.510962
1477010465250000	-20.6036	8.49689	4.87416	0.47014	-0.389843	radar	4.39408	-19.9265	9.40847	-20.5237	8.62457	5.0424	0.493433
1477010465300000	-20.3554	8.63278	4.9318	0.454895	-0.38405	lidar	1.34456	-20.21	8.68914	-20.3006	8.74206	5.0473	0.476172
1477010465350000	-20.1563	8.76562	4.90035	0.462798	-0.333522	radar	1.83954	-20.2277	8.8532	-20.0754	8.85583	5.05217	0.45918
1477010465400000	-19.9568	8.86774	4.87284	0.447711	-0.332283	lidar	0.59994	-20.0633	8.86724	-19.848	8.96589	5.057	0.442462
1477010465450000	-19.7567	8.98951	4.8418	0.452411	-0.291515	radar	1.42265	-19.9264	8.7818	-19.6186	9.07227	5.0618	0.42602
1477010465500000	-19.5341	9.06129	4.81977	0.425235	-0.305624	lidar	0.646454	-19.4861	8.96664	-19.3873	9.17499	5.06656	0.409856
1477010465550000	-19.2943	9.16828	4.859	0.40603	-0.315851	radar	4.42133	-18.5719	10.2069	-19.1542	9.27409	5.07128	0.393973
1477010465600000	-19.0097	9.25709	4.92545	0.378598	-0.327619	lidar	5.97174	-18.6786	9.19191	-18.9193	9.36959	5.07596	0.378373
1477010465650000	-18.7921	9.34146	4.91117	0.360704	-0.331909	radar	1.68516	-19.2825	8.98189	-18.6827	9.46154	5.08058	0.363059
1477010465700000	-18.538	9.44262	4.95206	0.346782	-0.328339	lidar	0.745354	-18.4242	9.46852	-18.4446	9.54997	5.08516	0.348033
1477010465750000	-18.273	9.4719	4.98585	0.289961	-0.397198	radar	5.8433	-18.1634	8.72444	-18.2049	9.63492	5.08968	0.333298
1477010465800000	-17.9837	9.60029	5.08913	0.286325	-0.377554	lidar	3.44473	-17.7736	9.72478	-17.9639	9.71643	5.09414	0.318855
1477010465850000	-17.7387	9.69212	5.0795	0.286587	-0.339595	radar	2.86341	-17.2296	9.97767	-17.7214	9.79457	5.09855	0.304708
1477010465900000	-17.4647	9.80029	5.14239	0.281022	-0.325793	lidar	1.24224	-17.3436	9.88109	-17.4777	9.86936	5.10289	0.290859
1477010465950000	-17.2171	9.87657	5.15005	0.266265	-0.325815	radar	0.460248	-17.1554	10.212	-17.2328	9.94087	5.10717	0.277309
1477010466000000	-16.9459	10.0003	5.21524	0.270154	-0.302434	lidar	1.51267	-16.8876	10.145	-16.9868	10.0091	5.11138	0.26406
1477010466050000	-16.6911	10.067	5.21963	0.253935	-0.304205	radar	0.0654603	-16.5958	10.1078	-16.7396	10.0743	5.11551	0.251116
1477010466100000	-16.443	10.1747	5.24051	0.256152	-0.284781	lidar	1.31368	-16.5153	10.3091	-16.4915	10.1363	5.11958	0.238478
1477010466150000	-16.1861	10.2425	5.25291	0.239966	-0.291453	radar	0.547099	-16.09	10.5824	-16.2424	10.1952	5.12357	0.226147
1477010466200000	-15.9494	10.2682	5.20862	0.213599	-0.304936	lidar	0.631916	-16.0059	10.1843	-15.9924	10.2511	5.12748	0.214126
1477010466250000	-15.7011	10.3347	5.19725	0.208494	-0.28649	radar	0.274455	-15.7234	10.41	-15.7416	10.3041	5.13132	0.202417
1477010466300000	-15.4779	10.3292	5.12507	0.174418	-0.309186	lidar	1.71492	-15.5699	10.1904	-15.4899	10.3543	5.13507	0.191022
1477010466350000	-15.1842	10.3507	5.20149	0.134405	-0.357324	radar	7.83095	-14.2385	10.9109	-15.2376	10.4016	5.13873	0.179942
1477010466400000	-14.9235	10.4059	5.21676	0.125151	-0.347511	lidar	0.267495	-14.9365	10.4722	-14.9846	10.4462	5.14231	0.169179
1477010466450000	-14.6784	10.4441	5.15991	0.127764	-0.299657	radar	6.53798	-14.724	9.63506	-14.7309	10.4882	5.14579	0.158736
1477010466500000	-14.4339	10.4104	5.11465	0.0877597	-0.328515	lidar	2.13464	-14.4088	10.222	-14.4766	10.5276	5.14919	0.148612
1477010466550000	-14.1733	10.4364	5.11845	0.0756928	-0.319688	radar	0.58163	-13.9005	10.5238	-14.2218	10.5645	5.15249	0.138811
1477010466600000	-13.8704	10.5852	5.23692	0.110771	-0.259623	lidar	7.93426	-13.8049	10.9383	-13.9665	10.5989	5.15569	0.129333
1477010466650000	-13.614	10.6493	5.21491	0.126351	-0.206037	radar	2.15326	-13.3956	10.7857	-13.7107	10.631	5.1588	0.12018
1477010466700000	-13.3629	10.648	5.19173	0.103135	-0.220907	lidar	0.553026	-13.3556	10.5517	-13.4545	10.6608	5.1618	0.111354
1477010466750000	-13.0994	10.6743	5.20223	0.0910458	-0.223913	radar	0.208388	-12.9374	10.8137	-13.1979	10.6884	5.16471	0.102857
1477010466800000	-12.8441	10.7681	5.22476	0.10836	-0.191722	lidar	3.97203	-12.9591	11.0099	-12.9409	10.7138	5.16751	0.0946879
1477010466850000	-12.5786	10.8204	5.23354	0.112761	-0.169507	radar	1.4	-12.2518	11.2495	-12.6836	10.7373	5.1702	0.0868499
1477010466900000	-12.3424	10.787	5.17829	0.0805525	-0.196268	lidar	1.96188	-12.3713	10.6091	-12.426	10.7587	5.17278	0.0793437
1477010466950000	-12.0842	10.826	5.17055	0.0852234	-0.169395	radar	0.617458	-11.9352	10.9161	-12.1681	10.7783	5.17526	0.0721706
1477010467000000	-11.8372	10.8895	5.17167	0.0935682	-0.150675	lidar	2.03935	-11.9451	11.0515	-11.91	10.7961	5.17763	0.0653316
1477010467050000	-11.5604	10.9104	5.19807	0.0845482	-0.152549	radar	2.64755	-10.9703	10.9676	-11.6516	10.8121	5.17988	0.0588279
1477010467100000	-11.3302	10.9248	5.15644	0.0748294	-0.154993	lidar	0.854921	-11.4548	10.9407	-11.393	10.8265	5.18202	0.0526604
1477010467150000	-11.0667	10.856	5.196	0.00258247	-0.274231	radar	9.72013	-11.3472	10.5111	-11.1342	10.8394	5.18405	0.0468302
1477010467200000	-10.7772	10.8272	5.2285	-0.0221533	-0.286188	lidar	2.7296	-10.6009	10.6822	-10.8753	10.8509	5.18596	0.0413382
1477010467250000	-10.5215	10.8236	5.21937	-0.0337517	-0.281434	radar	0.177387	-10.6563	10.8369	-10.6161	10.8609	5.18775	0.0361852
1477010467300000	-10.2875	10.8181	5.18395	-0.0460528	-0.279858	lidar	1.01783	-10.4142	10.8747	-10.3569	10.8697	5.18942	0.0313721
1477010467350000	-10.0373	10.8749	5.13481	-0.00954522	-0.187065	radar	6.6724	-9.90413	11.2255	-10.0976	10.8772	5.19097	0.0268996
1477010467400000	-9.77751	10.9207	5.15166	0.000666901	-0.16478	lidar	2.01586	-9.83445	11.1032	-9.83808	10.8837	5.19241	0.0227684
1477010467450000	-9.54431	10.9031	5.10953	-0.0125522	-0.167479	radar	4.03235	-10.195	10.3498	-9.57852	10.8891	5.19372	0.0189791
1477010467500000	-9.28462	10.928	5.12261	-0.00947238	-0.154598	lidar	0.661747	-9.3066	11.0348	-9.31887	10.8936	5.19491	0.0155325
1477010467550000	-9.03723	10.9097	5.09911	-0.0190009	-0.150132	radar	2.6726	-9.2226	10.3527	-9.05915	10.8972	5.19597	0.0124289
1477010467600000	-8.7743	10.9397	5.11866	-0.0124672	-0.134483	lidar	0.974167	-8.78899	11.0707	-8.79937	10.9001	5.19691	0.00966898
1477010467650000	-8.53266	10.8981	5.08875	-0.0331737	-0.148503	radar	6.47307	-8.83914	10.0319	-8.53954	10.9023	5.19773	0.00725307
1477010467700000	-8.36153	10.8212	4.95692	-0.0686705	-0.179711	lidar	5.61369	-8.62045	10.6577	-8.27965	10.9039	5.19842	0.00518158
1477010467750000	-8.10915	10.835	4.9542	-0.0571682	-0.144607	radar	1.45966	-7.91543	11.1157	-8.01974	10.905	5.19899	0.00345484
1477010467800000	-7.78127	10.8763	5.07956	-0.0399268	-0.116891	lidar	4.97539	-7.51971	11.0005	-7.75979	10.9057	5.19943	0.00207312
1477010467850000	-7.51846	10.8778	5.07904	-0.0310716	-0.0857177	radar	2.06344	-7.25987	10.6458	-7.49981	10.9061	5.19975	0.00103664
1477010467900000	-7.24507	10.8642	5.10639	-0.0367994	-0.0872855	lidar	0.546998	-7.15631	10.815	-7.23983	10.9063	5.19994	0.000345566
1477010467950000	-7.00459	10.8992	5.06842	-0.00778994	-0.0251335	radar	3.79239	-7.39396	11.0181	-6.97983	10.9064	5.2	-1.50937e-15
